state,agi05,num_returns05,num_exemp05,agi06,num_returns06,num_exemp06,agi07,num_returns07,num_exemp07,agi08,num_returns08,num_exemp08,agi09,num_returns09,num_exemp09,agi10,num_returns10,num_exemp10,agi11,num_returns11,num_exemp11,agi12,num_returns12,num_exemp12,agi13,num_returns13,num_exemp13,agi14,num_returns14,num_exemp14,growth0506,growth0607,growth0708,growth0809,growth0910,growth1011,growth1112,growth1213,growth1314,growth_coef
AK,15778127,317182,616249,16959103.0,312186.0,570664.0,18916239.968,339372,610005,19905196.283,334065,596023,16095495.0016,272638.0016,505709.0016,17371380.0018,287069.0018,522662.0018,21867060.0018,365615.0018,670208.0018,22826906.0,358450.0,668720.0,22980197.0,354230.0,663160.0,24328612.0,356900.0,661830.0,0.0494489348577,0.074603330471,0.0513808082723,-0.218592299138,0.0642696962767,0.229198092007,0.0264946066879,-0.00828463524579,0.0510772602515,0.0355106438267
AL,86270947,1898317,4070115,93085268.0,1959259.0,4034508.0,100243723.508,2280197,4461764,97706586.528,2016100,4162029,92573200.0373,1965325.0373,4181847.0373,96042239.0358,1994415.0358,4225646.0358,100549859.036,2054930.0363,4284095.0363,104989156.0,2019030.0,4189700.0,104849846.0,2017870.0,4163790.0,108688731.0,2015530.0,4132090.0,0.0535874371032,0.0361021313663,-0.0262096841499,-0.0797387967497,0.0224734696122,0.0173337246378,0.0267502057412,-0.0163268989418,0.0290131677485,0.00699830626307
AR,46337142,1102876,2368065,48986871.0,1134118.0,2348873.0,53557902.266,1337291,2620417,52889941.924,1173556,2418848,51969988.0356,1130077.0356,2382827.0356,54388630.0393,1145939.0393,2415834.0393,58446856.0377,1195636.0378,2500076.0378,62005553.0,1184390.0,2467020.0,61444766.0,1186040.0,2460770.0,64769106.0,1189590.0,2450320.0,0.0317836951014,0.0525113540973,-0.0133717420537,-0.0445937398101,0.0315392064752,0.045015337718,0.0434877397957,-0.0240441415787,0.0465028995049,0.0187589565833
AZ,133792115,2396072,5183757,144925409.0,2503374.0,5280920.0,152745318.452,2789719,5718890,141724339.335,2618932,5530396,124848190.01,2355618.01,5081486.01,134433810.01,2497681.01,5406059.01,146373030.009,2730835.0095,5871170.0095,156104005.0,2708410.0,5732610.0,158119718.0,2764600.0,5774260.0,166864081.0,2797330.0,5777070.0,0.057813379204,0.0131581672114,-0.0730526474834,-0.146277283438,0.061778205589,0.0592111405792,0.049080655555,-0.00208737165328,0.0477021666785,0.00748071247144
CA,948033818,14936761,32143396,1013487374.0,15365727.0,32022679.0,1099010371.56,16905770,34257517,1029954432.03,15896832,33297969,971753467.034,15562847.0338,33745085.0338,1035056504.03,15849985.0349,34316661.0349,1100212745.03,16645771.0324,35568387.0324,1204241329.0,16560160.0,35089660.0,1208561179.0,16854590.0,35339600.0,1313726663.0,17107040.0,35425430.0,0.0436413725304,0.0435848672958,-0.0637346568112,-0.0837082912293,0.050143103831,0.0333494532361,0.0771531529582,-0.011412803733,0.0794170958884,0.0187148104407
CO,124067044,2089317,4303030,136307908.0,2155085.0,4268177.0,149239252.816,2370757,4571051,142096124.556,2271125,4489879,131957367.012,2180468.0123,4467606.0123,140856668.012,2231876.0122,4572665.0122,152271939.011,2365200.0112,4770409.0112,165879967.0,2399220.0,4766380.0,166961482.0,2455060.0,4834250.0,182395347.0,2507780.0,4879980.0,0.0732633001428,0.0540686323907,-0.048763602405,-0.098551400859,0.0524407287853,0.0514417508812,0.0719666165754,-0.00848013494601,0.0848396741998,0.0258028405295
CT,129784885,1638225,3255668,139559844.0,1672821.0,3140213.0,156015089.873,1821544,3312861,142463041.556,1705062,3183683,134566818.004,1664968.004,3188139.004,146570438.004,1684305.0038,3205349.0038,147298453.003,1719233.0029,3237381.0029,160131878.0,1717040.0,3211190.0,155509011.0,1726600.0,3208410.0,164142721.0,1728060.0,3185220.0,0.049916621038,0.0771081704405,-0.0877637022741,-0.0826264703726,0.0742019308909,-0.0246330025003,0.0697253209757,-0.0438691237356,0.0479190335562,0.00888653089095
DC,19144336,270640,444869,20793325.0,277018.0,440645.0,23015778.3,303737,470854,22169659.01,292785,461038,22429822.0001,301158.0001,483039.0001,24193823.0001,313111.0001,500244.0001,25582968.0,324447.0,518387.0,27785656.0,323310.0,513750.0,27506754.0,326720.0,517210.0,29985445.0,332720.0,524890.0,0.0607345622016,0.066083016545,-0.037662575611,-0.0154649079094,0.0636453410104,0.0278173416039,0.0686997832621,-0.0250376251689,0.0825120866533,0.0323696691763
DE,22604855,392310,784934,23479699.0,401449.0,770849.0,24889523.458,441734,824905,23738312.998,414543,795400,22808093.0009,409000.0009,806471.0009,23504741.0012,417059.0012,818838.0012,24733405.0011,428551.0012,830829.0012,26223092.0,429050.0,826910.0,26401061.0,434690.0,830230.0,27759637.0,438700.0,832050.0,0.0133015975108,0.0192444008247,-0.047152812431,-0.0663864408047,0.0155438951109,0.0226730286557,0.0428297580472,-0.0082132717225,0.0438591440094,0.00396658880006
FL,464840542,8136480,15953715,497773017.0,8378820.0,15810258.0,522336662.97,9353238,17083531,471653197.757,8635458,16287455,442137614.018,8432008.0176,16206857.0176,476388208.018,9033514.0183,16834380.0183,503810431.018,9421773.0175,17286701.0175,544099193.0,9033860.0,16976700.0,540243871.0,9131470.0,17125970.0,588835467.0,9221570.0,17223010.0,0.0454468217043,0.00854708216617,-0.0979321802127,-0.0897789963468,0.0624659131339,0.0279627661173,0.062568098122,-0.0220856969641,0.0823438172432,0.00883751388481
GA,195530643,3851061,8260346,228125191.0,4210935.0,8754025.0,225774096.102,4458478,8945677,213467262.334,4259472,8749936,207974487.034,4179298.0337,8949353.0337,217893522.036,4324981.0362,9103992.0362,228883275.035,4490284.035,9286896.035,239217110.0,4264530.0,8954610.0,241385450.0,4291010.0,8955200.0,257398459.0,4311770.0,8913230.0,0.14129790218,-0.051106160787,-0.0554095029965,-0.0529312303547,0.0326935182963,0.0208363456798,0.0277489300099,-0.00593568181641,0.0587379213619,0.0128813379526
HI,30505367,601692,1179707,31970791.0,618805.0,1164852.0,34590011.801,667303,1231083,33172415.899,637177,1200358,31609226.0009,588312.0009,1139198.0009,32065576.0009,594221.0009,1156195.0009,35076159.0009,647417.0009,1250376.0009,37371087.0,652330.0,1253020.0,38124325.0,662870.0,1265080.0,40295816.0,669750.0,1272290.0,0.0226382353702,0.0411254300277,-0.0418828105916,-0.0743231852048,-0.000562759430205,0.0642883181115,0.0480270041096,0.00515563529099,0.049358149423,0.0126471130118
IA,59478335,1284279,2661766,63589637.0,1317128.0,2589612.0,69748096.59,1472918,2791170,69481698.032,1357707,2653568,67510118.052,1315192.052,2636655.052,71018891.0543,1328837.0543,2663174.0543,74531958.0475,1367594.0475,2702007.0476,81245243.0,1378080.0,2707980.0,80789100.0,1384320.0,2712020.0,84924354.0,1396110.0,2718010.0,0.0437226813931,0.0560469058881,-0.00471943839365,-0.055575529612,0.0369740315014,0.019866655154,0.072672569249,-0.0206143964023,0.0435857911525,0.02132880777
ID,27684435,591485,1317928,30964116.0,617424.0,1322512.0,33049657.839,693752,1435840,30805168.76,642338,1381843,28752810.0134,617684.0134,1374322.0134,29958052.0136,624647.0136,1389290.0136,32151480.012,649642.0121,1425409.0121,34645596.0,658930.0,1434320.0,35524260.0,672140.0,1450190.0,37780809.0,683030.0,1461860.0,0.0930666040683,0.0265535081383,-0.0688126268094,-0.0938238436345,0.0269173638903,0.0436166429715,0.0601739091037,0.0103614918329,0.0559213513244,0.017108266765
IL,328636410,5667171,11831371,354971568.0,5812338.0,11560460.0,387332114.674,6372775,12265584,371034123.744,5952901,11840428,347011610.062,5834873.0624,11942173.0624,364897281.061,5879056.0609,12012691.0609,377735486.057,6003696.0574,12122584.0574,406630488.0,5970390.0,11952540.0,404261800.0,5998740.0,11890650.0,428771505.0,6032810.0,11837810.0,0.0547346326781,0.0503637708235,-0.0429775616391,-0.0919447556553,0.0365419959444,0.00558306565364,0.0590953333993,-0.0208251608522,0.0530282982958,0.0115110687387
IN,131539810,2809096,5905619,138882474.0,2891457.0,5803568.0,147932454.744,3156215,6157436,142649157.205,2946295,5934193,136935898.039,2868804.0392,5943268.0392,143284882.038,2903145.0377,5998293.0377,149151160.036,2974579.0359,6057935.0359,158181243.0,2989560.0,6010830.0,159704581.0,3009790.0,6005780.0,167338136.0,3040110.0,6001310.0,0.0304208499769,0.0243628710474,-0.0366142558619,-0.0672511245754,0.0313646427957,0.011341360419,0.0431431628023,-0.00536966728097,0.0401979714308,0.00795509008375
KS,58416644,1179112,2498091,64027240.0,1225946.0,2461616.0,69713098.104,1334355,2609477,68875206.128,1267973,2537195,66102350.0335,1247240.0335,2566228.0335,69605438.0348,1245480.0348,2573726.0348,71840718.0306,1277099.0307,2604870.0307,77121220.0,1278600.0,2589310.0,77244903.0,1280390.0,2582020.0,82065133.0,1292460.0,2586530.0,0.0706444766392,0.048003735785,-0.0129191470296,-0.0674591331538,0.0379949086458,0.00251358277327,0.0561029119162,-0.0133962520302,0.0548019166676,0.0195874444682
KY,75183540,1713588,3593316,79839394.0,1754794.0,3534462.0,86485504.136,2060021,3953776,84070293.958,1804364,3639638,81444646.0437,1748638.0437,3626237.0437,85470871.0476,1769610.0476,3663832.0476,88463651.0451,1825302.0451,3726474.0451,93169827.0,1828360.0,3695980.0,93453729.0,1835560.0,3689710.0,98590336.0,1843830.0,3676350.0,0.0365265067859,0.042443494258,-0.0288261848807,-0.0584315776558,0.0344351096049,0.00541520413701,0.0357989794599,-0.0119528547048,0.0473641737677,0.0114192056414
LA,74435715,1709108,3671892,84987904.0,1802232.0,3707690.0,89754318.064,2068885,4041315,98501986.857,1903273,3847644,92668218.0208,1856749.0208,3837615.0208,97111308.0199,1889802.0199,3877364.0199,99953864.0197,1987096.0198,4005217.0198,112354999.0,1980630.0,4012300.0,111184124.0,1975240.0,3978640.0,116658672.0,1979990.0,3966780.0,0.116362445622,0.01528344058,0.0965623726377,-0.0864248849221,0.0329462117001,-0.000328887729352,0.106668590063,-0.0254212096517,0.0416385765435,0.0330318505381
MA,203209909,3013477,5834020,218960459.0,3079458.0,5631543.0,240223515.947,3388704,6002227,226057891.238,3153968,5731867,214467289.008,3066732.0076,5694190.0076,232730025.007,3103870.0075,5733988.0075,244272998.006,3207120.0064,5857545.0064,261998259.0,3218460.0,5850160.0,264678955.0,3259230.0,5898420.0,287110405.0,3304750.0,5927980.0,0.0521087695158,0.0563091175279,-0.059868517937,-0.078472716767,0.070153946247,0.0199981255467,0.0551633252073,-0.00476826788761,0.077149654539,0.0208637151102
MD,165171982,2578378,5183140,176006132.0,2626715.0,5046093.0,189503046.057,2842809,5320512,181799167.469,2694832,5171008,181312481.009,2676636.0087,5262753.0087,189090230.008,2717744.0084,5351794.0084,196522911.008,2796555.0081,5442531.0081,205154279.0,2823420.0,5445400.0,204846617.0,2905810.0,5539270.0,214335495.0,2899580.0,5500990.0,0.0401931464212,0.0358843399354,-0.0415530594009,-0.0298770554952,0.0278969310686,0.00970758875945,0.0265204159338,-0.0164996616278,0.0387218682298,0.010110501536
ME,26925893,597598,1172195,28325393.0,610148.0,1133089.0,30169304.269,702876,1247494,28972705.674,612952,1128560,27979736.0274,588440.0274,1104464.0274,29017283.0276,589890.0276,1102396.0276,30815221.0266,614706.0266,1131595.0266,32151262.0,613460.0,1123060.0,32520747.0,618690.0,1125720.0,33940860.0,621530.0,1123710.0,0.0265759920312,0.0242974646318,-0.040562783879,-0.0614725894424,0.0220820868068,0.0323609353946,0.0259565273553,-0.00350791611228,0.0360679083663,0.00686640279471
MI,221392101,4425504,9166160,227546938.0,4517775.0,8872413.0,241938566.654,4866674,9292687,229104793.754,4518803,8832506,216653544.049,4409384.0491,8784690.0491,229012605.049,4475105.0493,8814563.0493,237721560.045,4595146.045,8901439.045,253506755.0,4559780.0,8795600.0,254115171.0,4588680.0,8778930.0,268989072.0,4618770.0,8762160.0,0.00240061696962,0.0224468570243,-0.0539455854041,-0.0815473992878,0.0420452750009,0.00842827793617,0.0490020333369,-0.0126000008363,0.0509321251835,0.00301802221368
MN,134523491,2376840,4836380,142439781.0,2489628.0,4749841.0,154132347.335,2652046,4973999,149838680.71,2501127,4812273,143446016.044,2461528.0442,4854210.0442,153000779.044,2486589.0437,4900353.0437,158859806.039,2545167.0392,4957078.0392,172809615.0,2569280.0,4955060.0,173406810.0,2603940.0,4986580.0,184995696.0,2639630.0,5016210.0,0.0334468968591,0.0412877865222,-0.0287570118423,-0.0698636475676,0.0516087721569,0.00869409910211,0.0704120734799,-0.0115442027054,0.0592306279321,0.0171683771041
MO,120029947,2526736,5197336,127824589.0,2633289.0,5128338.0,138942537.124,2909965,5486699,136786604.136,2657737,5181543,129721976.064,2580366.0637,5165278.0637,135407761.069,2591472.0688,5177757.0688,139425676.067,2657527.0667,5237290.0667,148982603.0,2658720.0,5206070.0,148797140.0,2675480.0,5211190.0,157597930.0,2702480.0,5203710.0,0.0395391438955,0.0461781644594,-0.0164167239107,-0.078847075508,0.0288305457381,7.27083158734e-05,0.0511449567318,-0.0162448634691,0.051546230902,0.0117558985728
MS,43693615,1133075,2479377,47344434.0,1181396.0,2489973.0,51353158.594,1389887,2756604,51456673.847,1215262,2547660,48996192.028,1171862.028,2522711.028,51565011.0312,1202007.0312,2563263.0312,53535195.0296,1262552.0296,2630043.0296,56812992.0,1229840.0,2575950.0,56759436.0,1226490.0,2556390.0,58719587.0,1224440.0,2537430.0,0.058154977083,0.0438715074047,0.00111575240616,-0.0750165733432,0.0374289520649,0.00860776838791,0.0438269548768,-0.0159426717044,0.0269343635902,0.0143312256407
MT,17578397,419948,833503,19525893.0,436959.0,818178.0,21568868.127,482608,877941,20718298.788,448792,835837,19611360.0119,417134.0119,793667.0119,20375487.0123,421112.0123,798788.0123,22262381.0107,457001.0107,860007.0107,24709829.0,461970.0,865620.0,24621248.0,465280.0,870220.0,26614503.0,470590.0,874900.0,0.0853891692286,0.0638290239837,-0.0403350474949,-0.0806280728078,0.0239634885055,0.0630060808883,0.0925364882904,-0.0185848487661,0.0733567004889,0.0291703313685
NC,183759994,3785178,8046746,199936508.0,3905272.0,8045703.0,216738230.02,4475251,8823390,207179952.335,4073359,8400236,197142712.035,3962261.0352,8426025.0352,206455544.036,4028599.0359,8543585.0359,218638860.034,4227402.034,8844596.034,232108050.0,4226560.0,8706070.0,235024990.0,4277200.0,8709870.0,249359932.0,4320710.0,8699220.0,0.0626306624303,0.0432352879425,-0.0450005616966,-0.0756469669323,0.0322390376726,0.0294118131964,0.0442047392674,-0.00243283569872,0.0533932671415,0.0157816048137
ND,11816903,272598,540712,12834217.0,280342.0,520995.0,14447995.56,309715,558856,15398985.92,290257,534755,14747989.0116,282059.0116,529129.0116,16579947.0105,290322.0105,544272.0105,19511634.0105,316952.0105,587318.0105,23059212.0,326530.0,602310.0,23301447.0,334530.0,617040.0,25521780.0,344080.0,634010.0,0.0606897309557,0.0849403205821,0.0649216121434,-0.0694753103212,0.109217477885,0.147221252694,0.164418600512,-0.0044950876899,0.0876873441722,0.0716806601038
NE,36198760,770281,1608704,39041640.0,787312.0,1557865.0,43005309.057,870017,1667501,42351502.696,814910,1605592,41323962.0291,795470.0291,1608009.0291,44425501.0285,804390.0285,1627548.0285,45775411.0258,831924.0259,1663658.0259,50799100.0,836770.0,1666660.0,49859822.0,845300.0,1677930.0,53333484.0,855590.0,1689340.0,0.0531352868441,0.0607241433761,-0.0161029220423,-0.0514622009017,0.0600542505391,0.00078592623714,0.0923464525522,-0.0334900519891,0.062068559988,0.0253399382893
NH,36745406,636384,1258296,39233791.0,647537.0,1205347.0,42199866.328,706326,1274330,39817836.164,658825,1212565,38569806.0086,634269.0086,1194055.0086,40856634.0082,640074.0082,1197339.0082,42094047.0072,665729.0073,1219944.0073,44252511.0,668940.0,1219110.0,44414060.0,671470.0,1214370.0,47478025.0,674870.0,1210810.0,0.042319621876,0.0348000185656,-0.0573463912157,-0.0585434951678,0.0442906274688,0.000686709344476,0.0338771792275,-0.0113493822983,0.0613863750353,0.0100134736484
NJ,277355040,4035520,8234221,297316110.0,4120119.0,7980188.0,324768687.686,4458700,8394839,313397085.254,4207569,8139534,297176306.007,4125298.0073,8187508.0073,310557758.007,4181422.0066,8262663.0066,320887422.006,4257455.0065,8333713.0065,338369712.0,4247560.0,8268830.0,339207425.0,4269890.0,8264580.0,358061859.0,4288570.0,8240470.0,0.0465693790313,0.0515346457277,-0.035914466798,-0.0789579135542,0.0300286638901,0.00366165176553,0.0370810696667,-0.0125242671838,0.0479837891815,0.00994028352521
NM,34780481,810082,1686000,37986395.0,850463.0,1695958.0,41494697.911,938486,1818724,40731500.234,888467,1768076,36623696.0119,792563.0119,1613436.0119,37969058.0142,797369.0142,1625735.0142,42406860.0134,890133.0135,1814622.0135,44470989.0,881890.0,1787060.0,44440687.0,883510.0,1781350.0,46733827.0,890030.0,1777820.0,0.0667756660007,0.0515568269903,-0.0192926553372,-0.12805079603,0.0217347414052,0.08727943371,0.0312744122519,-0.0156813880393,0.044000012394,0.0155106948162
NV,70489894,1106588,2260330,74790297.0,1155620.0,2319291.0,78966939.975,1276374,2515779,71061979.788,1208034,2465210,63947320.0024,1160867.0024,2446922.0024,67161088.003,1183210.003,2459221.003,71362623.0026,1267452.0026,2575232.0026,77101336.0,1262730.0,2560500.0,75778635.0,1282200.0,2581300.0,80146687.0,1297290.0,2597410.0,0.0356073693684,0.0150447170627,-0.101004679116,-0.127319076429,0.0352564923828,0.0329590669319,0.0630162284953,-0.032155357723,0.0500422628885,-0.00317255290432
NY,539751931,8441101,16639385,591279880.0,8701643.0,16332841.0,665654971.43,9618020,17434221,623335650.788,8964482,16716071,590142680.067,8840127.0673,16802183.0673,629257880.066,9008866.0658,17008276.0658,657686519.064,9205287.0635,17223104.0635,710372835.0,9211420.0,17195100.0,712668060.0,9294810.0,17261110.0,765615054.0,9381540.0,17289660.0,0.0700659836131,0.0849866096002,-0.0644754594472,-0.0804505571897,0.0512809203938,0.0155780421005,0.0627085538617,-0.0117689854019,0.0666940465158,0.0216243504496
OH,248078647,5336394,10538299,260993996.0,5400484.0,10160106.0,278187467.665,5977102,10856418,267273010.283,5449782,10238579,255638298.06,5279681.0596,10203869.0596,268031537.059,5314682.0588,10231802.0589,279358065.053,5432738.0527,10303682.0527,298785890.0,5441830.0,10234610.0,298568673.0,5474140.0,10232570.0,315133062.0,5500070.0,10197180.0,0.0266615101549,0.0250768857848,-0.0401341807257,-0.0707311901156,0.0334795865614,0.0126581913986,0.0521445286093,-0.0157269988553,0.0478793268616,0.00792307329711
OK,64621299,1436430,3085721,72213402.0,1482607.0,3055412.0,79532709.577,1702709,3358033,80200666.725,1549649,3169676,72880412.0333,1486913.0333,3135015.0333,76938381.0337,1497132.0337,3163205.0337,84795569.0298,1577131.0298,3287614.0298,92418210.0,1576680.0,3266560.0,91210592.0,1593880.0,3290570.0,96871422.0,1602720.0,3289810.0,0.0920860783903,0.0605566370547,0.00749852120659,-0.118474237368,0.0406798306594,0.0725231262022,0.0724943312418,-0.0280668836802,0.054463296333,0.0281956333378
OR,79818189,1587687,3236513,86604294.0,1637573.0,3208724.0,94580296.865,1839698,3493072,88497165.176,1696730,3338923,84739261.0166,1657872.0166,3342262.0166,88779633.018,1673017.018,3357977.018,93067948.0157,1714490.0157,3405432.0157,100045797.0,1728380.0,3410140.0,102776889.0,1753710.0,3434170.0,109991500.0,1787990.0,3463900.0,0.0596195310746,0.0512970831423,-0.0652171135071,-0.0696635540802,0.03268004763,0.0187029142149,0.0575758550938,0.0122984181434,0.0625968221669,0.0177655559865
PA,293569880,5717829,11389113,313686072.0,5890801.0,11059290.0,340444445.804,6528020,11813318,329798348.241,5986385,11169495,318806741.072,5828244.0719,11076410.0719,337538437.068,5915009.0682,11176479.0682,349291961.064,6081094.0641,11376364.0641,370586166.0,6039190.0,11270710.0,369672608.0,6063870.0,11274370.0,390320335.0,6082150.0,11245110.0,0.0431226699687,0.0445030344427,-0.032171174179,-0.0605282662807,0.043755645923,0.00522129057061,0.0435639136012,-0.017465170273,0.0482540896814,0.0131395592728
RI,25979705,488961,942126,27550546.0,504759.0,916228.0,29468790.558,554196,973686,27956131.941,500718,911791,26870314.0013,487970.0013,904962.0013,28356011.0011,496320.0011,911129.0011,29489720.0009,505739.0009,916727.0009,30698260.0,506460.0,912180.0,30861703.0,511690.0,915830.0,32302517.0,516010.0,913640.0,0.0350641584652,0.0288263717605,-0.0522308686362,-0.0660400634963,0.0402913895881,0.0103812582862,0.0235817386894,-0.00967582201727,0.0390861469051,0.00547603439385
SC,83624163,1846885,3855405,90835428.0,1905527.0,3831829.0,97955427.502,2200495,4224539,92901274.092,1993157,4018876,88564212.0211,1938990.0211,4035712.0211,93153518.0214,1969819.0214,4074807.0214,98555831.0205,2057252.0205,4186679.0205,104601397.0,2046350.0,4127080.0,107450271.0,2076450.0,4150250.0,112435367.0,2095200.0,4143380.0,0.0608342263444,0.0375835080515,-0.0524964611547,-0.0738846349879,0.0368189672281,0.0283936551388,0.0439415352182,0.0122355253535,0.0387944479023,0.014691196566
SD,15321533,341158,694200,16666863.0,352053.0,675042.0,18422484.513,391039,726145,18239413.377,364866,695400,17959323.0172,350723.0172,685796.0172,19089984.0185,359142.0185,698747.0185,20328674.0169,387083.0169,734620.0169,22880051.0,390530.0,743170.0,22347450.0,388770.0,739230.0,24042419.0,388650.0,740360.0,0.0624064877712,0.0645360499213,-0.0108373749437,-0.0425563250095,0.0479567718236,0.0352869059921,0.108106315905,-0.0382779638472,0.0682461927423,0.0327630067062
TN,121575433,2606984,5465530,131188125.0,2682893.0,5408483.0,141271149.013,3089310,5944264,133877028.644,2780804,5591968,128367630.037,2697908.0365,5624518.0365,135826098.039,2754261.039,5701671.039,141637460.037,2853020.0369,5803129.0369,152563361.0,2837300.0,5739730.0,152714509.0,2864490.0,5754580.0,160935600.0,2885300.0,5747310.0,0.0536677175709,0.0360592737567,-0.0532399180983,-0.06835268066,0.0431024047915,0.0131853121145,0.0597399103052,-0.0140092772012,0.0462330709625,0.0129317570602
TX,494067163,9428585,20941780,550367596.0,9853170.0,20995806.0,596836197.618,11017713,22609153,610988411.14,10468568,22187526,569205059.064,10308837.0635,22518239.0635,611875977.061,10528467.061,22895649.061,668691646.054,11211887.0539,23905381.0539,745101417.0,11397610.0,24149770.0,747386900.0,11718050.0,24575560.0,809035728.0,11828460.0,24643370.0,0.0885529950911,0.0436319359565,0.0228120563037,-0.0955864887037,0.0599658094531,0.0632548776597,0.0968675722016,-0.0119326551422,0.0748858289595,0.0380502146422
UT,49819593,993844,2385730,55989977.0,1037062.0,2385737.0,62458965.22,1140998,2577447,59520665.967,1101843,2571160,56701413.0063,1063445.0063,2576031.0063,58604859.0063,1073918.0063,2608206.0063,62721527.0063,1136884.0063,2718727.0063,69604775.0,1153550.0,2715800.0,70367240.0,1177330.0,2745690.0,75608689.0,1201610.0,2766130.0,0.0984545646087,0.0747383260829,-0.0479436748776,-0.0745659512187,0.01856963961,0.0406444826214,0.0923429913179,-0.00404579463119,0.0668870624455,0.0294535162177
VA,208768899,3423577,6965383,223285604.0,3495887.0,6829033.0,239508959.318,3881517,7344553,233510078.105,3622163,7072147,230668430.036,3563834.0364,7147897.0364,243057732.037,3611916.0373,7244290.0373,253772309.036,3737785.0362,7406765.0362,267327193.0,3752390.0,7396410.0,265734314.0,3778050.0,7408100.0,280931596.0,3815620.0,7435660.0,0.0441348065231,0.0318574173497,-0.0259465837691,-0.0393692737704,0.0387104362263,0.0144824363372,0.0360135659457,-0.02095853711,0.0495897613494,0.0142793365647
VT,14002651,293646,563621,14899557.0,302955.0,546710.0,16071340.096,328178,576080,15341816.586,305624,547537,14475180.0156,288144.0156,525825.0156,15010854.0168,291772.0168,530006.0168,16325040.0148,305630.0148,547453.0148,17036903.0,307970.0,547810.0,17223855.0,308530.0,546660.0,18349845.0,310210.0,545340.0,0.0386525854711,0.0378454990575,-0.0462928238493,-0.0836885237379,0.0220063792383,0.0579490492766,0.0262055889942,-0.0040266441031,0.0577738666518,0.0118249974444
WA,165664048,2839878,5824098,182467633.0,2925732.0,5771153.0,203087177.969,3259886,6237910,191774704.991,3089048,6080856,181633303.016,3004722.0161,6103514.0161,190653341.016,3036776.016,6173184.016,202267270.016,3152515.0158,6350727.0158,221565045.0,3185070.0,6380510.0,224014414.0,3237230.0,6441200.0,242872149.0,3288300.0,6500470.0,0.0760316938579,0.0722038496691,-0.0566025465179,-0.0800818541287,0.0346607056642,0.031316472472,0.0780073043197,-0.00394514701089,0.0765809000737,0.0253523753777
WI,130325409,2600956,5278292,138521259.0,2684289.0,5146968.0,147541450.358,2899549,5425148,143812318.63,2716606,5217503,136997416.04,2642791.0401,5213875.0401,144092215.039,2658957.0393,5241832.0393,148647147.037,2724309.0366,5288828.0366,158450395.0,2734370.0,5255920.0,159504933.0,2756190.0,5250830.0,168138515.0,2769990.0,5238730.0,0.037487583188,0.0243177402163,-0.0261751461976,-0.0745874745559,0.0367878307801,0.0020112289339,0.0485497888721,-0.00834468052289,0.0465273667066,0.00961935971342
WV,28553098,700069,1443059,29966613.0,716246.0,1415553.0,32795705.314,875622,1639725,32734676.115,735076,1446286,32251864.0344,699019.0344,1395174.0344,33113131.0358,705865.0358,1402316.0358,36000873.0332,758869.0333,1494512.0333,36596877.0,748670.0,1469460.0,36845058.0,751540.0,1473340.0,38138274.0,749590.0,1461290.0,0.0241047857854,0.0536081439567,-0.00276088996762,-0.0419492548545,0.0117044100298,0.0576083643881,-0.000844735735987,-0.00821851971139,0.0274987641273,0.0134167853353
WY,13584497,235073,475113,32318686.0,500714.0,964314.0,17954281.67,269774,507104,17294266.369,259298,498309,13751759.0039,233026.0039,462494.0039,14839470.0044,240035.0044,471583.0044,17771585.0041,283238.0042,536261.0042,20126983.0,290620.0,553730.0,19230185.0,274480.0,529790.0,20751431.0,270770.0,526430.0,1.35368595364,-0.485261273271,-0.037660885962,-0.232037099737,0.0640961360064,0.167988929984,0.115137305781,-0.0595570009176,0.0715071952766,0.1064332512
