state,agi_per_returnY05,agi_per_returnY06,agi_per_returnY07,agi_per_returnY08,agi_per_returnY09,agi_per_returnY10,agi_per_returnY11,agi_per_returnY12,agi_per_returnY13,agi_per_returnY14,agi_per_returnY15
AK,48.5901725039,52.9629589011,54.4865057388,59.5848002125,59.0159489208,60.5089294503,59.7954248162,63.6760690068,64.8531914295,68.152524603,70.126370073
AL,45.3864246522,47.4484592152,43.9113469146,48.4631647875,47.0762885577,48.1240505716,48.8980726141,51.9771942043,51.9423492487,53.9028432631,55.6792461204
AR,41.6979032465,42.8530297857,39.8030636409,45.0681023522,45.8112453634,47.2798426318,48.6781658895,52.1297687981,51.6163788268,54.2363386235,55.5677968689
AZ,55.7548780544,57.8115496126,54.6796215955,54.1153185096,52.9866928185,53.8154872481,53.5945268073,57.6362694214,57.1992373782,59.6546339145,61.7160455249
CA,63.4173064337,65.9056040114,64.9472078788,64.7899173893,62.435099782,65.2970074267,66.0880030284,72.7173003853,71.7047626051,76.7935643353,80.5028042834
CO,59.1964744526,63.0528948612,62.7805611347,62.5664041195,60.4547366146,63.0493527188,64.3159371402,69.0882720897,67.967676661,72.6892512327,74.5017724906
CT,79.1331568295,83.3363150169,85.5602244016,83.5529978124,80.8184769693,87.0096992547,85.6664908673,93.2697623832,90.0702669678,94.9964781417,96.4172060873
DC,70.5555132202,74.8552856826,75.6122499837,75.7199276261,74.4785859792,77.2691569322,78.8509802834,85.951859127,84.2022009643,90.1289319046,95.2855086725
DE,58.1724885246,59.0446551199,56.9412698732,57.2638133993,55.814942874,56.402796527,57.7334229184,61.1494316064,60.768053864,63.3311038998,64.750344212
FL,57.2157681568,59.3818820489,55.8203545708,54.618202967,52.4365409555,52.7352068728,53.470964065,60.3078141526,59.2160076526,63.9218154669,66.7171156907
GA,50.7517361762,54.1442052271,50.6323334567,50.1158975418,49.7621776863,50.3831601242,50.978924112,56.118520654,56.2694081158,59.710012481,61.8416997286
HI,50.6712999993,51.623956175,51.7975739495,52.0615400415,53.7286779401,53.9623742281,54.1786189984,57.2956535071,57.5201041038,60.1717477004,62.4750315901
IA,45.934013548,47.8901557501,47.0149664709,51.1745509681,51.1438974045,53.2540234649,54.2851174219,58.8106604838,58.210027808,60.6627846559,61.9326684959
ID,46.5863447885,49.9412306799,47.4700124544,47.9578800569,46.4859907405,47.9022545981,49.3912478565,52.5179537522,52.7905646321,55.2492685866,56.948908263
IL,57.859190572,60.9477169706,60.6776462408,62.3270116219,59.410817193,62.000992416,62.8480101524,68.0406856294,67.3272742364,70.9950068499,73.4128849181
IN,46.7639833616,47.9575899031,46.7894570547,48.4155404072,47.7329144997,49.3539833729,50.1393371243,52.9188386577,53.0693486329,55.0533095494,56.888109473
KS,49.0564873359,51.7361475541,51.8112794043,54.3154206595,52.7683902212,55.6444207927,55.9907535267,60.0685873698,60.0813527463,63.2276541751,64.0737957997
KY,43.7473259654,45.2648854736,41.7944244897,46.5896262555,46.4438705933,48.1802699162,48.3194041352,50.7945009155,50.7302281946,53.2664304031,55.0119746122
LA,43.5307763248,47.1079458458,43.3335274986,51.7539979062,49.8876531634,51.3772501743,50.2840039236,56.7140266616,56.2820996914,58.9096199202,58.1431111021
MA,67.4191574547,71.1077636985,70.8990453376,71.6741232752,69.930105252,74.9725561422,76.1598982247,81.4085801702,81.2116393986,86.8837595848,89.6220596707
MD,64.0428899982,66.981010253,66.6396710894,67.4621525457,67.7477488701,69.5834165218,70.2810194774,72.6867017177,70.5235701266,73.9380109269,76.2777692927
ME,44.8968494593,46.2501130696,42.8147241359,47.2674951285,47.6680576417,49.3373369335,50.0314566649,52.3436020101,52.512760155,54.569939084,56.2664223668
MI,49.981676309,50.3309730724,49.6771933819,50.7011853346,49.1285915599,51.1662462151,51.7157374963,55.5923350899,55.3734982201,58.2354115808,60.0154231987
MN,56.3891503684,56.9965816892,57.916483348,59.9068034623,58.1528289249,61.4149195302,62.2879123391,67.1652395298,66.495618174,69.9702386147,72.1517582887
MO,47.2602819375,48.3043878539,47.5353018238,51.4673213098,50.1293827451,52.1019337108,52.3077527337,55.8742189784,55.4627761128,58.1706732593,59.8333670496
MS,38.5312884144,40.0699983642,36.8992890486,42.3480692811,41.7839995807,42.8820283092,42.3826459105,46.1836728071,46.2704253995,47.9444061969,48.8645403958
MT,41.318295836,44.1346440281,44.236597531,46.1645902512,46.777066539,48.2288082235,48.5756446949,53.3756598859,52.8312919894,56.4458068463,57.3949775197
NC,48.5424952346,51.1847111582,48.3989877889,50.8605914076,49.7465327791,51.2396760543,51.7123244322,54.9225529057,54.9496237949,57.7144819658,60.1832888919
ND,42.3784982191,44.6881547763,45.8741248258,53.0529355709,52.1206696915,57.25589612,61.4377120841,70.6169076035,69.6774175494,74.045339012,70.6265891984
NE,46.4272367193,48.9793859262,48.9386703175,51.9681939914,51.6915230335,54.9409304283,54.7678294822,60.526584163,58.8464992482,62.121803783,62.9776298134
NH,57.6913995181,60.5394463944,59.6956459956,60.4376521292,60.786083684,63.8233068609,63.1976580066,66.1537562517,66.1779098358,70.3544343072,72.2188403047
NJ,68.6822364723,72.1111821887,72.8040336545,74.4841226024,72.0336663866,74.2669566135,75.366288791,79.6724883283,79.4591142165,83.5035322016,85.5065136814
NM,42.6715922131,44.3914582002,43.9572640939,45.8401327881,46.1173182242,47.5348737084,47.5517386211,50.3287509351,50.2075511133,52.425968869,52.56271256
NV,63.7784680523,64.7562992923,61.8808817811,58.8244865525,55.1324985708,56.8534024038,56.3808160061,61.1529128958,59.1728265652,61.9129156434,64.3970917142
NY,63.9945865286,67.9533114912,69.2548055843,69.5339344376,66.7118476949,69.7983866962,71.3919701753,77.0705399669,76.6302843517,81.5617378649,84.0622737241
OH,46.4150224701,48.2451545262,46.4687604028,49.0428810332,48.4096723073,50.4205782228,51.4096752071,54.9119445284,54.5455935528,57.2985325317,58.7460722367
OK,44.8234272108,48.4441178069,46.5422128858,51.7493030694,48.9131606316,51.3077195882,53.7000175231,58.555695065,57.190208003,60.441187032,60.0698330393
OR,50.1749478392,52.7831453199,51.3144799975,52.1574824374,51.0554185035,53.0084790841,54.219021311,57.8291309197,58.5560088049,61.4695679313,64.5672364572
PA,51.1798541653,53.0684868619,51.9815429623,55.0879495992,54.6582091191,57.02415591,57.3945779602,61.3302596068,60.9387115685,64.1475795378,66.1712040728
RI,53.1316156627,54.5760441013,53.146313179,55.8320890022,55.0674868611,57.1307426119,58.3060196838,60.6186469445,60.3201933877,62.6104878781,64.35143999
SC,45.2417856395,47.6309438511,44.4744370514,46.6101135495,45.6713367936,47.287358648,47.9037641922,51.122086273,51.7550469885,53.6770800392,56.3654623744
SD,44.1112924345,46.4567081219,46.3763494162,49.9835263396,50.776606945,52.7931857115,52.2194479974,58.3901322833,57.290691358,61.6953724075,62.5046926458
TN,46.5870862863,48.8444634913,45.6895846205,48.1432810957,47.5557405029,49.2899678594,49.6174413118,53.7534534239,53.2969024737,55.7590264092,58.1372347576
TX,52.3479447713,55.7995093234,54.110854303,58.3628127822,55.1960291914,58.0991927268,59.6252209326,65.3701410402,63.7842228626,68.3995426154,68.7712363866
UT,49.9427106594,53.7928518711,54.5422632516,54.0191896368,53.280873198,54.5259980722,55.122960783,60.3122201767,59.7426376614,62.8858546984,64.7673340198
VA,60.8538173482,63.716653213,61.5905459234,64.4670264991,64.6518511749,67.2183440638,67.8209748902,71.1720041099,70.2670985996,73.5454151214,75.3680314586
VT,47.4378148435,48.9270864356,48.7005644996,50.1983371267,50.0522326413,51.2866002267,53.2134947196,55.1769799819,55.7092259689,59.0301401796,59.4941308586
WA,58.2279723506,62.2484808307,62.193164216,62.0821382481,60.4036006506,62.7302998975,64.1072575633,69.5183068286,69.1579082478,73.8120765479,76.8376278179
WI,50.0296583451,51.5334165452,50.8274046711,52.9382319814,51.8009359283,54.1532005135,54.5251425321,57.9206006477,57.8507310627,60.6735087075,62.5687632582
WV,40.1304406555,41.1885555829,36.9116218755,44.5323695985,45.7951147853,46.5956438454,47.1768897164,48.5999095712,48.7415684304,50.5654324971,51.3285538581
WY,57.3137072148,42.3592534992,66.2168431202,66.6964896335,59.0576681013,62.2858607444,62.6198340731,69.1299015295,69.9236426881,76.5632288623,76.7912918066
