state,agi_per_returnY08,agi_per_returnY09,agi_per_returnY10,agi_per_returnY11,agi_per_returnY12,agi_per_returnY13,agi_per_returnY14,agi_per_returnY15,agi_per_returnY16
AK,50.6414957652,62.4118950446,56.7207006709,61.5525976154,61.4342489681,64.950354316,67.0561828703,69.8538312752,72.9611453946
AL,38.530854658,51.3045494623,43.7330477035,48.5237318387,48.8930161194,51.8320465895,54.3414343558,54.8828638986,57.0124665514
AR,33.5584878065,47.9464406161,43.6728154894,47.6838735586,48.2447065119,51.8441375903,54.1766137727,54.7210676642,56.9733699364
AZ,49.6050747416,57.0634114596,49.9869414373,53.623870905,54.5736278457,58.5037407453,60.6216585252,60.9574172226,63.5169272481
CA,60.2940202059,66.0408166999,61.741723707,63.7877388669,68.0251964731,74.6914707972,76.5194094694,77.464565433,83.880898168
CO,57.0980225176,65.7472092665,57.9993677054,62.0423256393,64.8537699817,69.6205209389,71.110837565,73.6693569969,77.0189871866
CT,80.6210132437,85.3085417391,78.9504190641,83.3076267344,87.7687757714,94.4338243491,95.4128996522,96.0212870481,99.8264365242
DC,71.6782133721,80.9460186677,75.6459286003,77.2124086088,80.5113058017,87.7897239206,89.7209675355,91.1115388699,98.9718347515
DE,51.5145223554,60.4363829629,53.6278066799,57.5240189374,58.6024232072,62.2727542652,63.6054379547,65.1094887154,67.1380984824
FL,48.766515783,58.2572342119,51.6218939572,53.9662977881,54.7964734537,61.7147262731,63.8214037828,65.2866646111,69.6372194488
GA,45.2938515718,54.5961807844,46.8687732614,50.7436295196,51.8003751271,56.4125618148,59.1752402579,60.5523408768,63.5308868208
HI,47.0395546816,56.8790859518,51.256036842,55.5470298318,55.6136724159,58.7281489498,60.2044723648,61.6311907154,64.2879312658
IA,41.6881047548,53.2391230977,48.6354455645,53.4187495237,54.8129665604,59.5908812183,62.0840877359,61.5715799918,64.1641420782
ID,41.3342205402,50.4016563951,43.1376760734,47.7521183884,49.5350925907,53.809668952,55.6236030561,55.9337891836,58.676534567
IL,55.0033142314,64.8326309424,57.7133419341,60.8143200373,63.9025493326,68.9165384104,70.6145487357,72.4185428199,75.7269417234
IN,41.4036138905,52.4416283271,44.4036374907,49.7456595157,50.7926894266,54.1674926543,55.8661631591,56.755553526,58.7613746586
KS,46.5528767806,57.596336554,49.4532312897,55.1329546088,56.7235049839,60.8312377947,63.0744130095,64.1343352038,66.5919319835
KY,36.3071765778,49.66817556,43.6081938106,48.5782050878,48.5847509808,51.3831792641,53.406804405,54.0940468357,56.4702965241
LA,37.5980047195,52.127374811,46.8432638088,51.7629382994,51.6754539836,56.2257887782,59.5978763917,60.0301368893,61.4504600688
MA,65.7308287391,73.2742242301,68.8461671855,72.8944913642,77.9195129712,84.110323209,85.6984350407,87.7646529649,92.927574263
MD,60.8615822714,69.632741644,66.3427590838,68.7494976145,71.3108692751,74.4729048695,74.2138370351,75.7045907285,78.8079453374
ME,37.2123027523,49.3025602054,46.4051480463,51.0422795451,51.2681220429,53.7175454533,54.5868505382,56.6140086484,58.1678675399
MI,44.4074969268,54.9164031004,47.3520353207,51.5889796087,52.8713653056,56.347895961,58.5575927178,59.8356041532,62.3665180771
MN,51.8769006671,61.7170814753,55.8468612144,60.6904858807,63.4544246477,67.9339949899,69.9077206787,71.4314980319,74.6342692216
MO,41.842873921,54.1254897998,47.6281834345,52.5184695702,53.3997480983,57.155419959,58.8392058164,59.6567917765,62.0069026167
MS,31.2885573524,45.5378807244,38.7152698552,43.673013241,42.634125609,45.0610648794,47.8505484969,48.7654530819,49.9004301182
MT,38.2810154321,49.7534909681,44.912710559,49.9325825557,50.0340114855,54.6166983758,56.6701939358,57.2406891631,60.0034633689
NC,42.7454576439,54.2465597227,47.2869310592,51.1287428714,52.5909342778,55.9290357661,58.0426179698,59.0982138691,61.9512504472
ND,40.5783336015,54.0203343865,49.1822186533,56.8455014834,62.1700084756,71.3015737604,75.3202748781,74.8481438675,76.5959619141
NE,43.6414910795,55.3269730756,48.2565730826,54.6312373468,55.8369899892,60.7700048344,63.2671336839,62.9173217561,65.4933925648
NH,54.7715656926,64.6079183091,58.8882567798,63.7457864942,64.7760880313,67.748088551,69.1221721111,71.795704425,75.3906539839
NJ,67.5889921097,74.6705318165,70.5585562013,72.6328198287,76.8128735497,81.9050061537,83.5433336539,84.382036688,88.5244246361
NM,39.0913395276,49.5212845169,43.5583149022,48.6067327313,48.3137154906,51.302913996,53.0431643222,53.7844766577,54.9023169535
NV,56.2803965891,62.194913928,51.4464785228,56.5969382515,57.3973275516,61.6013072093,63.2349705405,63.0589929234,65.9574856983
NY,63.828219328,70.4875663674,67.5404611859,68.5679378387,72.9670137145,79.9557629482,81.5833242852,82.5596691438,88.0176206789
OH,40.1521655402,51.6859516445,47.4849653417,51.1693090658,52.472388386,56.3361122368,58.0288572641,59.4273682087,61.5027654258
OK,41.1959367085,54.151909444,44.9665417398,51.0287838849,53.4807480295,58.8371154242,60.904977659,61.0934439351,63.1402440359
OR,45.5084001857,54.1515048064,49.7215738184,53.4557960224,54.8918226285,58.9523256835,61.1944371543,63.1006576905,66.1435809269
PA,46.1570072858,57.5183700212,53.5786517858,57.1019874306,58.8287917788,63.273896686,64.4381789315,66.1860948412,69.1384868186
RI,47.5253348826,56.9915359307,53.4123596988,58.1705877265,60.234642879,64.0098340843,65.012873058,64.3081101782,67.0801489868
SC,39.0577761759,50.5713700922,43.1052870714,47.8624953791,48.373275836,51.6623134648,54.1810326952,55.0761121237,57.5843748186
SD,41.4927729994,51.7968030564,47.3590182696,53.6782994264,53.892787215,59.0855456449,61.4389180741,62.1640702925,65.2116535248
TN,40.3839899534,50.2813847478,44.3067684016,49.6298405374,50.4568178388,54.5451848637,56.7427228457,57.2249786268,59.7628201444
TX,48.9033344331,59.878319143,51.4017969642,56.6011184759,60.7283371476,68.2655027958,68.7354479374,69.4381117472,72.4039775855
UT,48.4880262077,56.9432135149,50.5299285755,52.7680007588,56.1331930782,61.1999612581,63.2138081305,62.978068546,66.6269018858
VA,56.4313435885,65.5284520738,62.9949637971,65.936585297,68.4183566647,72.9407929621,73.5091902082,75.4625539625,78.0570212323
VT,43.7530106635,53.9885600107,49.1707534322,53.2642171704,54.3831699662,57.3958625067,58.0527391435,60.5807867219,62.4790066461
WA,56.7994033819,64.7982337081,58.25995307,61.8605830977,64.3921667951,70.4119013371,72.380427217,74.9588656032,78.8143479813
WI,44.8963625077,55.8475008124,49.2793567983,54.4133231715,55.6832213867,59.171816008,60.7365123281,62.323000041,64.8297718446
WV,31.7087665727,45.9534255044,43.3888574631,48.2328652759,48.0052566309,50.1039915635,51.0517253087,52.2111999038,53.2699088281
WY,59.6726093575,70.8591781985,56.3109383204,61.855263842,64.0981790082,70.0185031415,72.0265251749,76.3625351567,80.1638078125
