state,agi_per_returnY08,agi_per_returnY09,agi_per_returnY10,agi_per_returnY11,agi_per_returnY12,agi_per_returnY13,agi_per_returnY14,agi_per_returnY15,agi_per_returnY16
AK,46.0896694451,63.5002293841,61.5357159334,61.8990068793,62.2203773328,64.6836008275,67.1383606129,69.7331278967,73.1189875504
AL,39.5664862017,50.0846220915,46.6435601061,48.4513312199,48.8387723646,51.3214099159,54.533463965,55.0122291944,57.2341815283
AR,32.387392337,47.3654988643,45.7859784037,47.5626248155,48.0824097818,51.2480669611,54.4283493462,54.8410313019,57.2507382141
AZ,49.8458641768,58.5752305385,53.1881593147,53.9629134562,54.4647614475,58.0184723592,61.1588586901,60.868661873,63.6765097463
CA,58.3804486229,64.6569582014,61.5828465753,63.2054705269,68.1995654706,74.334377193,76.4747164499,77.4242411073,83.5222899667
CO,55.6174273456,66.8735369516,62.442797837,62.3062539685,65.0030929832,69.2223542082,71.3672387728,73.2275603412,76.9402012352
CT,76.8976649307,85.3325312208,84.274308243,83.3855702379,87.7339514051,94.0363958399,96.5809929589,95.4048508192,100.05671442
DC,67.0045268475,80.3065721914,79.5687140146,77.9195528357,80.9460068655,87.0714377974,90.995260801,90.5909232424,99.0290875998
DE,50.1027700757,61.0393827546,59.573602478,57.7395386991,59.1460180746,62.0639536185,63.9560300646,65.0646882023,67.1433430753
FL,48.5902971424,60.981329001,53.5304938104,54.3335355753,55.4663975275,61.0722849846,63.8676234827,65.1043826709,69.4215143898
GA,45.7918676693,54.2989915,50.7799911981,50.8917751967,51.7484692952,55.9087040567,59.3796900777,60.4965884904,63.1623995514
HI,44.6317989086,56.7866442786,56.8367730611,55.6924751616,56.0050837247,58.1811974964,60.4158574632,61.6586288644,64.3249473315
IA,40.0817815886,52.9982381813,52.2581364591,53.3023064182,54.3429449592,58.5554395701,62.2773612138,61.6358928373,64.192414573
ID,42.0323776089,51.0975776954,46.9285772092,47.9862208255,49.4877520462,53.6125618455,55.9695998086,55.9603596578,59.1349194086
IL,52.6931904128,66.0083882386,60.7906899699,60.7639160016,63.6569478808,68.6129911291,70.5723145822,72.1217933795,75.2126845845
IN,40.5443067558,52.3227967723,48.9002532426,49.7496250266,50.8906095132,53.8955856732,56.2213016312,56.8479290489,58.9424594059
KS,43.2508377886,56.7806442576,54.5056028659,55.0933261171,56.7553556553,60.1069255927,63.3474702363,64.0096492773,66.6805152181
KY,36.8801568921,47.738369932,47.2967386151,48.4382936321,48.5888585718,50.9162334745,53.689586379,54.2782340141,56.8406500306
LA,40.292444505,52.9076572801,51.1810075992,51.7680974967,51.935933537,55.2271944817,59.9650469239,60.0385466156,61.9302407969
MA,63.7152692189,72.897699598,73.8466704428,72.8311190511,77.5282579134,83.5645771716,86.1853934572,87.2681619454,93.1962799104
MD,59.3060536525,68.6598415059,70.7630105026,68.9785151308,71.3642095857,74.2803531883,74.4690582358,75.2905604743,78.4561597235
ME,39.3019374511,49.8056144735,52.4465292533,51.1489877746,52.022830776,53.5209722788,54.8022940496,56.8715502436,57.7593189275
MI,42.228693137,54.1788335679,52.2836886828,51.5104808125,52.9220584877,56.1461268591,58.7268111582,59.8935736429,62.0561734695
MN,49.0420242571,61.9547702394,61.6839671023,60.6349490635,63.3255293493,67.390903649,70.0922765147,71.1346444098,74.2617439789
MO,39.6414842224,53.6623946133,52.9195753698,52.4967723441,53.4791926214,56.603268397,59.3042068383,59.7130314343,61.9372780634
MS,32.6134652304,44.668002122,41.1459223663,43.5447749906,43.0051944889,44.6846613036,48.0877314109,49.0198492344,50.472022326
MT,34.6412964754,52.3046896633,50.8302045824,49.9161300337,50.1978292745,53.8756021469,57.1164278304,57.443156455,60.5436197226
NC,42.685310262,52.8389197587,51.4012732613,51.1912800443,52.4550836618,55.7724465309,58.4456918396,59.1109867246,61.923745102
ND,38.0626089763,53.937615581,54.4220224883,56.6371936123,61.6132487663,70.1646575421,75.8078990692,74.6392002039,77.0978529513
NE,40.1947343343,54.3343976629,53.3476656932,54.5200561783,55.9307810288,59.7999524203,63.6968317102,62.8586828894,65.6461474329
NH,53.6975518737,65.4394540333,63.6971873722,63.8637506087,65.5828854285,67.6890831075,69.2413946398,71.6466599697,75.2426205575
NJ,64.8834549726,74.18766818,74.6033735266,72.5468222066,76.0890673741,81.1798698721,83.8091749427,84.07036264,88.5054252996
NM,36.770050842,49.8652420619,48.774321019,48.7903868261,48.7687689278,51.2063919074,53.4451085873,53.9706588078,55.2406420085
NV,55.8860495294,64.3475308818,56.1790933284,56.7221226353,57.6935141119,60.7860053983,63.7437152027,62.9428301303,65.9104908647
NY,58.8959423778,71.2033504295,69.2719187881,68.1343892664,73.0375795399,79.3320366711,81.9171273327,82.3060241537,88.2345633757
OH,39.8112334198,52.1397983421,51.8665691788,51.2084157497,52.7232064132,55.9929876241,58.096041727,59.4213264385,61.302307571
OK,40.977189318,52.3708884585,49.8368327797,51.0022796888,53.359487748,58.0803195958,61.263173918,61.024208462,63.4727364365
OR,44.8401217503,53.7265778238,55.0818081121,53.6268781908,55.2448965926,58.4672757741,61.4557655477,63.0495994343,66.057556047
PA,44.9060412147,58.091149069,57.1125169824,57.1895023124,59.0036995958,62.9033171165,64.6227051653,66.0098834867,68.7364507186
RI,46.4734556131,57.7707532764,60.1321742331,58.1781750031,59.8718709609,63.3968450913,65.3530182328,64.4004444762,67.0385271512
SC,38.1715166258,49.8338542646,46.9634525351,47.7939026132,48.5134779423,51.2555390613,54.5288116229,55.2508033467,57.7542906349
SD,38.0067969404,54.7075461375,52.332474578,53.6730049557,54.3637887675,58.0237683988,61.7340393296,62.1719936557,65.4792856392
TN,42.2628829639,51.5859553508,48.0113525589,49.6743603111,50.6642525893,54.0520975698,57.2726619688,57.2962513968,59.8696686509
TX,48.9657271312,59.655306431,53.1120169442,56.6862716597,60.5659526118,67.4287582874,69.072363044,69.2971436094,72.226599241
UT,45.7693835512,55.9720821078,51.0805921918,53.457037116,55.2627663714,60.8969036636,63.5823104016,62.8934994938,66.7802446051
VA,56.5056373743,65.7719704658,65.9025961824,66.3379289811,68.6261455741,72.4792999919,73.5906300244,75.0126614318,77.8943145989
VT,39.9659854334,55.7530051113,55.5850574116,53.4412538016,54.9497438674,57.1199582859,58.0582048239,60.7529752013,62.1991631861
WA,54.3395196863,67.8350470406,61.4365438531,62.3242221493,64.6151983144,69.7902098159,72.4355679611,74.5120233309,78.8571207082
WI,43.693433256,55.3910444978,55.0549932416,54.3717710441,55.7919094969,58.6636896816,60.9592420012,62.2918780639,64.6166925532
WV,34.1563215384,45.8635447869,47.8248299787,48.3259552091,48.6076402503,50.1729051609,51.383395277,52.5077540498,53.2923780598
WY,30.8709973662,71.4960102735,63.3030789273,61.8623637859,64.6864980432,69.5405025086,71.8304146538,75.9042565919,80.4494945507
