state,agi_per_returnY08,agi_per_returnY09,agi_per_returnY10,agi_per_returnY11,agi_per_returnY12,agi_per_returnY13,agi_per_returnY14,agi_per_returnY15,agi_per_returnY16
AK,49.6925520415,62.5261951235,60.9679638637,61.682848187,61.404473892,64.2928129461,67.163391252,69.5167919325,72.826695314
AL,41.9916542584,49.803578207,47.2951282912,48.167328165,48.9337808714,51.2484385819,54.6214384155,54.6394738322,56.8057909008
AR,36.1397969201,45.7747587412,44.8269943045,47.2714412641,48.0480270039,51.4353112244,54.5023477953,54.5033894918,56.7420079401
AZ,52.6761172175,54.229413003,54.0134056008,53.5900147304,55.0982352341,58.1830803352,60.9841749468,60.33903248,63.4637973287
CA,60.4729946445,67.4733985684,62.5921496683,62.7026173976,67.6568003602,74.3927866523,76.4808306492,76.6954021021,83.457572999
CO,58.447680386,64.0498870559,61.5001966257,62.2252265549,65.0885567278,69.2602058549,70.9774395724,72.9328118856,76.9661546494
CT,78.9624246945,86.5765773635,82.9752007479,83.7644161465,87.9445702401,94.2989221736,96.2741085718,95.0263379578,99.9559633041
DC,72.6050970726,80.5987589802,78.9505011091,77.9728547961,79.9390246939,87.0507032829,90.3114318929,90.7368625563,98.4398140301
DE,54.3340810517,57.4593133804,57.864057101,57.4913297747,58.8986275739,62.0912614338,63.7738651212,64.8254084806,67.1373358739
FL,50.3648956608,58.9246554929,52.4917275416,54.5335553199,54.8309059294,60.4450473881,63.9233345369,64.8793444356,69.1516251099
GA,49.2937365297,49.63937266,50.9274419345,50.6358980742,52.1662858937,55.3829582675,59.2175382148,59.8988472199,63.3935843293
HI,47.7786837401,56.1121793479,54.6260601559,55.4909121558,55.9386699412,58.2273173887,60.3238657937,61.4844699662,64.1993409754
IA,42.8877952658,49.2183438851,50.8244910299,53.2604683456,54.4137380031,59.3371915351,62.2887408142,61.535102233,63.6603530408
ID,44.9057418469,48.7633182612,47.8648005662,47.4715428514,50.1315212423,53.679758833,56.0217505804,55.4454099638,58.6831034156
IL,55.5336229687,61.006904061,60.0330430252,60.9831350905,63.8018527878,68.6201526108,70.3212176325,71.6858541123,75.4026811495
IN,43.8581416598,49.2764173187,48.1676763363,49.6042417605,51.0396466667,54.0213740519,56.2215642678,56.4513473187,58.6711242707
KS,46.7323567004,53.5580169761,53.915793351,54.9738452429,56.8705865427,60.1391123468,63.3546098214,63.7140020213,66.4389527207
KY,40.4740747715,45.3197411233,46.4423631917,48.2547393955,48.5139971444,51.1971136568,53.725693509,54.0008794458,56.3007185049
LA,42.9614891927,49.0678862566,51.1365276067,51.5513947326,52.3956106414,54.9440701511,60.0255964822,59.7067072572,61.2663443354
MA,66.7535720157,73.3984192745,71.7182550658,73.4082646829,78.0191866032,84.0871284354,86.1474822547,87.0362592501,92.632789232
MD,63.8597277985,67.6690955215,69.2057387376,69.124586463,71.3446406117,74.1389349598,74.0322711229,75.0716284671,78.6241463445
ME,42.4984248424,48.5885868811,49.1582353665,51.014154511,51.5810924187,53.3180437143,54.9244624151,56.7239072187,58.1980670585
MI,45.1968304537,50.6092768391,50.5457394659,51.7077451134,52.6758371262,55.4055155434,58.6568242537,59.6800759889,62.110913617
MN,51.8282170261,59.5612048808,60.0492820636,60.8533312275,63.2167233754,67.0076962741,69.9037264934,70.9409631928,74.3549140003
MO,43.0728413744,50.5538234502,51.5631326649,52.4758598846,53.370907072,56.6812542717,59.3461223824,59.4348150266,61.8186148427
MS,34.5233404287,44.3121360953,41.1843646821,43.1088014006,43.4996783383,44.2085749976,48.0919515933,48.6752928521,49.8979867541
MT,35.9930826414,50.8104785941,48.0811501497,49.7699259968,50.2791689658,54.2831417962,57.1732955937,57.3669759241,59.8720333506
NC,45.565725064,51.6528365226,51.1237248473,51.016411571,52.970777147,55.7486627693,58.329425588,58.592204121,61.7706235742
ND,39.0695913553,51.4759398432,52.6761064613,56.6919514109,61.7726101563,70.5143784964,76.0382252684,74.5447974181,76.2077801659
NE,43.0914352466,50.7648409341,52.2415671065,54.4003284944,56.0359575671,59.7856431788,63.7304745273,62.6308351216,65.2900219607
NH,57.6744208736,61.5806913408,62.3549803029,63.8589503473,64.9057738045,67.4448564152,69.1963105822,71.5458381349,75.2319889123
NJ,67.5059879287,73.6840838429,73.6497603291,73.0106305148,76.9167383133,81.9641901765,83.6467955673,83.7237847364,88.1008409873
NM,39.5096171637,46.3235648678,47.3975735915,48.3825044827,48.4854225295,51.006803499,53.29920743,53.5642899242,55.0558203075
NV,58.8677180412,60.7576803893,56.9223575642,56.4719540334,57.8808805864,60.5505448406,63.6470013355,62.6413834977,65.8549827216
NY,62.7549280477,73.590667851,67.4210209296,68.7243757043,73.062236285,80.1376908092,81.8893767889,82.0081980311,87.4311003042
OH,43.3362457294,50.0324475398,49.1768053487,51.4420538503,52.3380823428,55.5385381598,58.3832485801,59.1903387947,61.2687561728
OK,43.1425782548,51.5273826873,50.2986677381,50.7562770372,53.5112697393,58.1939512587,61.2325675913,60.6288405913,62.9599108616
OR,47.8286915605,55.1414410301,53.1976525804,53.4320820004,55.1898852177,58.503563755,61.6153097711,62.68903765,66.03531943
PA,48.8453704466,55.3294224679,54.7693325909,57.5877385159,58.4784744343,62.6624228956,64.4953661491,65.8234410878,68.7116680391
RI,49.2062689712,56.9244313633,57.5940998863,58.1858914933,60.0836697404,63.9160028502,65.2346211042,64.4606998034,66.8759831026
SC,42.2110284498,47.9154379563,46.3806686336,47.5161144679,48.7714086643,51.3133559892,54.5862005705,54.9353682597,57.4879796913
SD,39.8986971949,51.5946032533,50.7471054841,53.4448468013,54.6309513895,58.1555331841,61.7355909593,62.0376588845,65.0357760153
TN,43.8603741381,52.0054440421,48.0519857578,49.4597501364,50.917817595,54.0553662605,57.2914516958,56.8635912463,59.6575652528
TX,51.6632134869,58.3461557805,54.5833372448,56.363660802,61.1944436336,68.4136310623,68.4821474382,68.2887746349,72.0881614532
UT,49.599150772,57.0222935663,54.7314361112,52.6800824377,56.6521910658,60.9764739528,63.0626636324,62.0997155967,66.7653805525
VA,60.4125409998,64.0055080456,64.3917713741,66.3115904977,68.6531163199,73.0517283022,73.3380569395,74.6290501482,77.9318162799
VT,42.304241477,55.7220684198,52.4270924407,53.3690433788,54.5215485492,57.29264773,58.3271371175,60.7199664266,62.4359236739
WA,58.0342465966,63.2640188544,59.6278532877,62.1710960971,64.8932521518,70.316237167,72.4372874655,74.0923387484,78.7974014799
WI,45.9637131569,52.1646482778,53.2068155076,54.4706544236,55.5080161836,58.4797424695,60.9775405289,62.0867048117,64.6101688188
WV,36.8253662261,43.1094795865,45.8099396032,47.9876097258,48.4755380566,50.0090117787,51.1857541502,52.1525630397,53.4231514838
WY,32.4328904228,69.4178888101,63.1675313967,61.7309222663,64.5895796196,69.7289366306,71.5608337175,75.7248495174,80.1889899401
